924	308	25
0.4705738425254822	4.686944007873535	0.11213850975036621	0.26319119334220886	0.8774514198303223	1.0	14	0.0	0	0.0	0	0.45903682708740234	0.8869423866271973	-0.05117090046405792	0.20068120956420898	-0.1596270650625229	-0.9665641188621521	-0.8654549717903137	0.43341946601867676	-0.25126737356185913
0.1803354024887085	4.814875602722168	-0.2740609645843506	0.30895495414733887	0.9489640593528748	1.0	23	0.0	0	0.0	0	0.45903682708740234	0.8869423866271973	-0.05117090046405792	0.20068120956420898	-0.1596270650625229	-0.9665641784667969	-0.8654550313949585	0.43341952562332153	-0.25126737356185913
0.17494726181030273	4.834317207336426	0.014584124088287354	0.25939270853996277	0.9384344816207886	1.0	23	0.0	0	0.0	0	0.45903682708740234	0.8869423866271973	-0.05117090046405792	0.2006811946630478	-0.1596270650625229	-0.9665641784667969	-0.865454912185669	0.43341943621635437	-0.25126734375953674
0.4705738425254822	4.686944007873535	0.11213850975036621	0.37413281202316284	0.7430739402770996	1.0	14	0.0	0	0.0	0	0.26005011796951294	0.21969595551490784	0.9402700662612915	0.9629564881324768	0.012933679856359959	-0.2693464756011963	-0.07133547961711884	0.975482702255249	-0.20819424092769623
0.0	4.060036659240723	0.38876307010650635	0.27188587188720703	0.6277894973754883	1.0	13	0.0	0	0.0	0	0.26005011796951294	0.21969595551490784	0.9402700662612915	0.9629565477371216	0.012933681719005108	-0.2693465054035187	-0.07133547961711884	0.975482702255249	-0.20819422602653503
0.6298593282699585	4.144733428955078	0.19477355480194092	0.39473119378089905	0.6419517993927002	1.0	13	0.0	0	0.0	0	0.26005011796951294	0.21969595551490784	0.9402700662612915	0.9629564881324768	0.012933673337101936	-0.2693465054035187	-0.07133547961711884	0.975482702255249	-0.20819424092769623
0.0	3.3337159156799316	-0.4981835186481476	0.2291542887687683	0.5777981281280518	1.0	1	0.0	0	0.0	0	0.1529126614332199	0.07308356463909149	-0.9855336546897888	-0.9708161950111389	-0.1753307729959488	-0.16363102197647095	-0.18475309014320374	0.9817931652069092	0.04414040967822075
0.6069604158401489	2.9041614532470703	-0.4358634054660797	0.12957143783569336	0.48177576065063477	1.0	2	0.0	0	0.0	0	0.1529126614332199	0.07308356463909149	-0.9855336546897888	-0.9708161354064941	-0.17533078789710999	-0.16363100707530975	-0.18475311994552612	0.981793224811554	0.04414040595293045
0.0	2.7644219398498535	-0.5404002666473389	0.24669474363327026	0.4764113426208496	0.5	7	0.5	2	0.0	0	0.1529126614332199	0.07308356463909149	-0.9855336546897888	-0.9708161950111389	-0.1753307729959488	-0.16363102197647095	-0.18475310504436493	0.9817932844161987	0.04414041340351105
0.4705738425254822	4.686944007873535	0.11213850975036621	0.26319119334220886	0.8774514198303223	1.0	14	0.0	0	0.0	0	0.334218829870224	0.9209703207015991	0.2002783566713333	0.23883599042892456	0.12280242890119553	-0.963263750076294	-0.9117318987846375	0.3697745203971863	-0.17891795933246613
0.7456268072128296	4.676520347595215	-0.298929363489151	0.3395790457725525	0.8446921110153198	1.0	15	0.0	0	0.0	0	0.334218829870224	0.9209703207015991	0.2002783566713333	0.23883602023124695	0.12280242145061493	-0.963263750076294	-0.911732017993927	0.36977455019950867	-0.1789179891347885
0.5759847164154053	4.751633644104004	-0.36124029755592346	0.3392179012298584	0.8797146081924438	1.0	14	0.0	0	0.0	0	0.334218829870224	0.9209703207015991	0.2002783566713333	0.23883599042892456	0.12280242145061493	-0.9632636904716492	-0.9117319583892822	0.36977455019950867	-0.17891797423362732
0.0	4.206916809082031	-0.5035659074783325	0.20326244831085205	0.7359373569488525	1.0	13	0.0	0	0.0	0	0.13284870982170105	0.11669211089611053	-0.9842429161071777	-0.9731000661849976	-0.1732279658317566	-0.15188264846801758	-0.18822193145751953	0.9779443740844727	0.09053999930620193
0.5759847164154053	4.751633644104004	-0.36124029755592346	0.07923758029937744	0.8139503002166748	1.0	14	0.0	0	0.0	0	0.13284870982170105	0.11669211089611053	-0.9842429161071777	-0.9731000661849976	-0.1732279658317566	-0.15188264846801758	-0.18822193145751953	0.9779443740844727	0.09053999930620193
0.6378058195114136	4.223358154296875	-0.41552844643592834	0.08437991142272949	0.7188065052032471	1.0	13	0.0	0	0.0	0	0.13284870982170105	0.11669211089611053	-0.9842429161071777	-0.9731000661849976	-0.1732279658317566	-0.15188264846801758	-0.18822193145751953	0.9779443740844727	0.09053999930620193
0.0	2.874544143676758	0.3841615915298462	0.25939270853996277	0.429776668548584	0.5	7	0.5	2	0.0	0	0.19611772894859314	-0.015669764950871468	0.9804551601409912	0.9794873595237732	0.05032533034682274	-0.19511982798576355	-0.04628425091505051	0.9986099004745483	0.025218024849891663
0.651589035987854	1.7119665145874023	0.23524557054042816	0.3713860511779785	0.2311410903930664	1.0	3	0.0	0	0.0	0	0.19611772894859314	-0.015669764950871468	0.9804551601409912	0.9794874787330627	0.050325341522693634	-0.19511985778808594	-0.046284254640340805	0.9986100196838379	0.02521803043782711
0.5930072069168091	3.0633623600006104	0.2685617208480835	0.3739468455314636	0.45607471466064453	1.0	2	0.0	0	0.0	0	0.19611772894859314	-0.015669764950871468	0.9804551601409912	0.9794873595237732	0.05032533407211304	-0.19511982798576355	-0.046284254640340805	0.9986099004745483	0.025218026712536812
0.0	3.3837757110595703	0.2974717617034912	0.26775816082954407	0.5218276977539062	1.0	1	0.0	0	0.0	0	0.2475726306438446	0.37769418954849243	0.8922191858291626	0.9622488021850586	0.011619090102612972	-0.2719230353832245	-0.1130705177783966	0.9258575439453125	-0.3605591952800751
0.5930072069168091	3.0633623600006104	0.2685617208480835	0.3739468455314636	0.45607471466064453	1.0	2	0.0	0	0.0	0	0.2475726306438446	0.37769418954849243	0.8922191858291626	0.9622489213943481	0.011619091965258121	-0.2719230651855469	-0.1130705252289772	0.9258575439453125	-0.3605591654777527
0.47259342670440674	3.414458751678467	0.15334796905517578	0.3595319390296936	0.5268411636352539	1.0	1	0.0	0	0.0	0	0.2475726306438446	0.37769418954849243	0.8922191858291626	0.9622488021850586	0.011619077995419502	-0.2719230353832245	-0.11307050287723541	0.9258575439453125	-0.3605591952800751
0.4725933074951172	3.42564058303833	-0.34859922528266907	0.6248188018798828	0.6595256328582764	1.0	1	0.0	0	0.0	0	0.9660710096359253	0.25537899136543274	-0.03858008235692978	-0.017346510663628578	-0.08488192409276962	-0.996239960193634	-0.25769349932670593	0.9631077647209167	-0.07757203280925751
0.5930072069168091	3.0633623600006104	0.2685617208480835	0.5156044363975525	0.5810849666595459	1.0	2	0.0	0	0.0	0	0.9660710096359253	0.25537899136543274	-0.03858008235692978	-0.017346510663628578	-0.08488192409276962	-0.996239960193634	-0.25769349932670593	0.9631077647209167	-0.07757203280925751
0.6069604158401489	2.9041614532470703	-0.4358634054660797	0.6490516066551208	0.5623319149017334	1.0	2	0.0	0	0.0	0	0.9660710096359253	0.25537899136543274	-0.03858008235692978	-0.017346512526273727	-0.08488191664218903	-0.996239960193634	-0.25769349932670593	0.9631077647209167	-0.07757202535867691
0.62953120470047	0.4376533031463623	0.09057805687189102	0.358642041683197	0.029849529266357422	1.0	4	0.0	0	0.0	0	-0.03202151507139206	0.543413519859314	0.8388543128967285	0.9913724660873413	0.1239996999502182	-0.042483970522880554	-0.1271040290594101	0.8302565813064575	-0.5426958203315735
0.2627516984939575	0.33956408500671387	0.14011964201927185	0.2887316048145294	0.018444538116455078	1.0	5	0.0	0	0.0	0	-0.03202151507139206	0.543413519859314	0.8388543128967285	0.9913724660873413	0.1239996999502182	-0.042483970522880554	-0.1271040290594101	0.8302565813064575	-0.5426958203315735
0.6955437660217285	0.33832335472106934	0.1574443280696869	0.3674130439758301	0.006349086761474609	1.0	5	0.0	0	0.0	0	-0.03202151507139206	0.543413519859314	0.8388543128967285	0.9913724660873413	0.123999685049057	-0.04248396307229996	-0.1271040141582489	0.8302565813064575	-0.5426958203315735
0.0	2.7644219398498535	-0.5404002666473389	0.661749541759491	0.545241117477417	0.5	7	0.5	2	0.0	0	-0.9850572943687439	-0.1710185557603836	0.020369593054056168	0.002665555104613304	0.1031186580657959	0.9946654438972473	-0.17220672965049744	0.9798567295074463	-0.1011219322681427
0.19768869876861572	1.728774070739746	0.32459938526153564	0.8021249175071716	0.3339872360229492	1.0	3	0.0	0	0.0	0	-0.9850572943687439	-0.1710185557603836	0.020369593054056168	0.002665555337443948	0.10311868041753769	0.9946655631065369	-0.17220672965049744	0.9798567295074463	-0.1011219397187233
0.0	2.874544143676758	0.3841615915298462	0.835436224937439	0.5479202270507812	0.5	7	0.5	2	0.0	0	-0.9850572943687439	-0.1710185557603836	0.020369593054056168	0.002665557200089097	0.1031186655163765	0.9946655035018921	-0.17220674455165863	0.9798567891120911	-0.1011219397187233
0.6069604158401489	2.9041614532470703	-0.4358634054660797	0.6490516066551208	0.5623319149017334	1.0	2	0.0	0	0.0	0	0.9963474273681641	0.06705830991268158	0.05286915972828865	0.058134403079748154	-0.07916267961263657	-0.9951651692390442	-0.06254883110523224	0.9946037530899048	-0.08277192711830139
0.651589035987854	1.7119665145874023	0.23524557054042816	0.5429352521896362	0.3302156925201416	1.0	3	0.0	0	0.0	0	0.9963474273681641	0.06705830991268158	0.05286915972828865	0.05813440680503845	-0.07916268706321716	-0.995165228843689	-0.06254882365465164	0.99460369348526	-0.08277192711830139
0.6744349002838135	1.7170181274414062	-0.20170435309410095	0.6240633726119995	0.3376343250274658	1.0	3	0.0	0	0.0	0	0.9963474273681641	0.06705830991268158	0.05286915972828865	0.058134403079748154	-0.07916268706321716	-0.9951651692390442	-0.06254883110523224	0.9946037530899048	-0.08277193456888199
0.0	2.7644219398498535	-0.5404002666473389	0.24669474363327026	0.4764113426208496	0.5	7	0.5	2	0.0	0	0.20089280605316162	-0.18190811574459076	-0.9625754952430725	-0.9697095155715942	-0.17629636824131012	-0.16906508803367615	-0.13894425332546234	0.9673826098442078	-0.21181470155715942
0.6744349002838135	1.7170181274414062	-0.20170435309410095	0.1491076946258545	0.2564985752105713	1.0	3	0.0	0	0.0	0	0.20089280605316162	-0.18190811574459076	-0.9625754952430725	-0.9697095155715942	-0.1762963831424713	-0.16906508803367615	-0.13894426822662354	0.9673826098442078	-0.21181470155715942
0.22053468227386475	1.605440616607666	-0.2753489017486572	0.23684054613113403	0.2510371208190918	1.0	3	0.0	0	0.0	0	0.20089280605316162	-0.18190811574459076	-0.9625754952430725	-0.9697095155715942	-0.1762963831424713	-0.16906508803367615	-0.13894426822662354	0.9673826098442078	-0.21181470155715942
0.2627516984939575	0.33956408500671387	0.14011964201927185	0.661749541759491	0.9936510324478149	1.0	5	0.0	0	0.0	0	-0.006281619891524315	0.9739505648612976	0.22667357325553894	0.981665849685669	0.04919053241610527	-0.18415333330631256	-0.1905064433813095	0.2213609218597412	-0.9564030170440674
0.6932054758071899	0.23699355125427246	0.5927642583847046	0.7395227551460266	0.9113969206809998	1.0	6	0.0	0	0.0	0	-0.006281619891524315	0.9739505648612976	0.22667357325553894	0.9816659092903137	0.04919053986668587	-0.18415336310863495	-0.1905064582824707	0.2213609218597412	-0.9564029574394226
0.6955437660217285	0.33832335472106934	0.1574443280696869	0.7395227551460266	0.9784594178199768	1.0	5	0.0	0	0.0	0	-0.006281619891524315	0.9739505648612976	0.22667357325553894	0.9816657900810242	0.04919052869081497	-0.18415334820747375	-0.1905064433813095	0.22136090695858002	-0.9564029574394226
0.3644237518310547	0.3384864330291748	-0.17814606428146362	0.6820077300071716	0.0838322639465332	1.0	4	0.0	0	0.0	0	-0.8633229732513428	0.42168864607810974	-0.2772219777107239	-0.27141693234443665	0.07512883096933365	0.9595251679420471	0.4254482090473175	0.9036228656768799	0.0495929941534996
0.2627516984939575	0.33956408500671387	0.14011964201927185	0.7413750886917114	0.07961583137512207	1.0	5	0.0	0	0.0	0	-0.8633229732513428	0.42168864607810974	-0.2772219777107239	-0.27141696214675903	0.07512881606817245	0.9595251679420471	0.4254482090473175	0.9036228656768799	0.049593016505241394
0.32871055603027344	0.43848586082458496	0.08518312126398087	0.7328745126724243	0.0978708267211914	1.0	4	0.0	0	0.0	0	-0.8633229732513428	0.42168864607810974	-0.2772219777107239	-0.27141693234443665	0.07512881606817245	0.9595252275466919	0.4254482686519623	0.9036229252815247	0.0495930090546608
0.6113439798355103	0.33765387535095215	-0.1397261619567871	0.6342767477035522	0.08177852630615234	1.0	4	0.0	0	0.0	0	0.8039109706878662	0.5488890409469604	-0.22901535034179688	-0.2106533795595169	-0.09731968492269516	-0.9727045297622681	-0.556194543838501	0.8302106261253357	0.037388965487480164
0.6955437660217285	0.33832335472106934	0.1574443280696869	0.5789052248001099	0.07611536979675293	1.0	5	0.0	0	0.0	0	0.8039109706878662	0.5488890409469604	-0.22901535034179688	-0.2106533944606781	-0.09731968492269516	-0.9727045297622681	-0.556194543838501	0.8302106261253357	0.03738897293806076
0.664581298828125	0.23832392692565918	-0.19091510772705078	0.6452827453613281	0.06342101097106934	1.0	5	0.0	0	0.0	0	0.8039109706878662	0.5488890409469604	-0.22901535034179688	-0.2106533646583557	-0.09731968492269516	-0.9727044701576233	-0.556194543838501	0.8302106857299805	0.03738895803689957
0.3644237518310547	0.3384864330291748	-0.17814606428146362	0.8050792813301086	0.6166094541549683	1.0	4	0.0	0	0.0	0	0.14208665490150452	0.5321914553642273	-0.8346158862113953	0.00995180569589138	-0.8438959121704102	-0.536414623260498	-0.9898041486740112	0.06791141629219055	-0.12520259618759155
0.664581298828125	0.23832392692565918	-0.19091510772705078	0.8236106038093567	0.5606181621551514	1.0	5	0.0	0	0.0	0	0.14208665490150452	0.5321914553642273	-0.8346158862113953	0.009951804764568806	-0.8438959121704102	-0.536414623260498	-0.9898041486740112	0.06791141629219055	-0.12520259618759155
0.32355058193206787	0.2395646572113037	-0.24818170070648193	0.8236106038093567	0.6244825124740601	1.0	5	0.0	0	0.0	0	0.14208665490150452	0.5321914553642273	-0.8346158862113953	0.00995180569589138	-0.8438959121704102	-0.536414623260498	-0.9898041486740112	0.06791141629219055	-0.12520259618759155
0.0	4.206916809082031	-0.5035659074783325	0.20326244831085205	0.7359373569488525	1.0	13	0.0	0	0.0	0	0.20629335939884186	-0.07307111471891403	-0.9757580161094666	-0.9650238156318665	-0.1800658255815506	-0.19053944945335388	-0.16177776455879211	0.9809368252754211	-0.10766176879405975
0.541297197341919	3.835817575454712	-0.36133530735969543	0.112845778465271	0.6492221355438232	1.0	12	0.0	0	0.0	0	0.20629335939884186	-0.07307111471891403	-0.9757580161094666	-0.9650238156318665	-0.1800658404827118	-0.19053944945335388	-0.1617777794599533	0.9809368252754211	-0.10766176879405975
0.0	3.772286891937256	-0.471017986536026	0.2157188057899475	0.6561048030853271	1.0	12	0.0	0	0.0	0	0.20629335939884186	-0.07307111471891403	-0.9757580161094666	-0.9650238752365112	-0.1800658255815506	-0.19053944945335388	-0.16177774965763092	0.9809367656707764	-0.10766175389289856
0.541297197341919	3.835817575454712	-0.36133530735969543	0.6206570863723755	0.7348294258117676	1.0	12	0.0	0	0.0	0	0.9186844229698181	-0.3887990117073059	0.06967257708311081	0.04147341474890709	-0.080467090010643	-0.9958940148353577	0.3928090035915375	0.9178019762039185	-0.057799048721790314
0.6298593282699585	4.144733428955078	0.19477355480194092	0.5122992396354675	0.7822329998016357	1.0	13	0.0	0	0.0	0	0.9186844229698181	-0.3887990117073059	0.06967257708311081	0.04147341474890709	-0.0804670974612236	-0.9958940148353577	0.3928090035915375	0.9178019762039185	-0.05779905617237091
0.46729326248168945	3.7619876861572266	0.20246291160583496	0.5170925855636597	0.7133915424346924	1.0	12	0.0	0	0.0	0	0.9186844229698181	-0.3887990117073059	0.06967257708311081	0.04147341102361679	-0.080467090010643	-0.9958940744400024	0.3928089737892151	0.9178019762039185	-0.05779904127120972
0.46729326248168945	3.7619876861572266	0.20246291160583496	0.3606078028678894	0.5812501907348633	1.0	12	0.0	0	0.0	0	0.2633732259273529	-0.17953532934188843	0.9478405117988586	0.964121401309967	0.015137395821511745	-0.2650299072265625	0.03323439136147499	0.9836350083351135	0.17708063125610352
0.0	4.060036659240723	0.38876307010650635	0.27188587188720703	0.6277894973754883	1.0	13	0.0	0	0.0	0	0.2633732259273529	-0.17953532934188843	0.9478405117988586	0.9641214609146118	0.01513739675283432	-0.2650299072265625	0.03323439508676529	0.9836351275444031	0.1770806461572647
0.0	3.8279809951782227	0.3448082208633423	0.2708966135978699	0.5924253463745117	1.0	12	0.0	0	0.0	0	0.2633732259273529	-0.17953532934188843	0.9478405117988586	0.964121401309967	0.015137395821511745	-0.2650299072265625	0.03323439136147499	0.9836350083351135	0.17708063125610352
0.7456268072128296	4.676520347595215	-0.298929363489151	0.9091200232505798	0.006348967552185059	1.0	15	0.0	0	0.0	0	0.8496711254119873	0.5225605964660645	-0.07063556462526321	-0.04527503252029419	0.2057543247938156	0.9775558710098267	0.5253657102584839	-0.8274028897285461	0.1984824240207672
0.9371280670166016	4.417391777038574	0.08759987354278564	0.9694525599479675	0.07120651006698608	1.0	15	0.0	0	0.0	0	0.8496711254119873	0.5225605964660645	-0.07063556462526321	-0.04527503252029419	0.20575430989265442	0.9775558114051819	0.5253657102584839	-0.8274028897285461	0.1984824389219284
0.9074443578720093	4.404608726501465	-0.3640325367450714	0.8865616321563721	0.05553412437438965	1.0	15	0.0	0	0.0	0	0.8496711254119873	0.5225605964660645	-0.07063556462526321	-0.045275039970874786	0.2057543247938156	0.9775558710098267	0.5253657102584839	-0.8274028897285461	0.1984824240207672
0.6298593282699585	4.144733428955078	0.19477355480194092	0.39473119378089905	0.6419517993927002	1.0	13	0.0	0	0.0	0	-0.04218365252017975	0.1384078562259674	0.9894765615463257	0.9879661202430725	0.1532820761203766	0.02067818120121956	-0.14880700409412384	0.978441596031189	-0.14320828020572662
0.8166857957839966	4.680089950561523	0.12785279750823975	0.436930388212204	0.7322731018066406	1.0	15	0.0	0	0.0	0	-0.04218365252017975	0.1384078562259674	0.9894765615463257	0.9879661202430725	0.1532820612192154	0.020678183063864708	-0.14880698919296265	0.978441596031189	-0.14320828020572662
0.4705738425254822	4.686944007873535	0.11213850975036621	0.37413281202316284	0.7430739402770996	1.0	14	0.0	0	0.0	0	-0.04218365252017975	0.1384078562259674	0.9894765615463257	0.9879661798477173	0.15328209102153778	0.020678183063864708	-0.14880700409412384	0.9784415364265442	-0.14320826530456543
0.6378058195114136	4.223358154296875	-0.41552844643592834	0.08437991142272949	0.7188065052032471	1.0	13	0.0	0	0.0	0	0.020799579098820686	0.24448636174201965	-0.9694296717643738	-0.9858756065368652	-0.15615680813789368	-0.06053457036614418	-0.16618292033672333	0.9569961428642273	0.23778514564037323
0.7456268072128296	4.676520347595215	-0.298929363489151	0.04942011833190918	0.7935588359832764	1.0	15	0.0	0	0.0	0	0.020799579098820686	0.24448636174201965	-0.9694296717643738	-0.9858756065368652	-0.15615680813789368	-0.06053456664085388	-0.16618292033672333	0.9569961428642273	0.23778514564037323
0.9074443578720093	4.404608726501465	-0.3640325367450714	0.028731346130371094	0.7425549030303955	1.0	15	0.0	0	0.0	0	0.020799579098820686	0.24448636174201965	-0.9694296717643738	-0.9858756065368652	-0.15615682303905487	-0.06053457036614418	-0.16618295013904572	0.9569961428642273	0.23778514564037323
1.007587194442749	2.9581172466278076	0.19870424270629883	0.4511312246322632	0.4338948726654053	1.0	17	0.0	0	0.0	0	-0.017888236790895462	0.5206557512283325	0.8535792827606201	0.9914690256118774	0.11947743594646454	-0.05209941789507866	-0.12910932302474976	0.8453654646873474	-0.5183513164520264
1.2043967247009277	2.904715061187744	0.23540233075618744	0.4853725731372833	0.4172794818878174	1.0	18	0.0	0	0.0	0	-0.017888236790895462	0.5206557512283325	0.8535792827606201	0.9914690852165222	0.11947745084762573	-0.052099425345659256	-0.12910933792591095	0.8453655242919922	-0.5183513164520264
1.1760072708129883	2.9603188037872314	0.2008908987045288	0.4819326400756836	0.4299964904785156	1.0	17	0.0	0	0.0	0	-0.017888236790895462	0.5206557512283325	0.8535792827606201	0.9914690256118774	0.11947744339704514	-0.05209942162036896	-0.12910933792591095	0.8453654646873474	-0.5183513164520264
1.2198278903961182	2.7729592323303223	-0.13511726260185242	0.01658952236175537	0.43062305450439453	1.0	18	0.0	0	0.0	0	-0.12322243303060532	-0.10286179184913635	-0.9870338439941406	-0.9841189980506897	-0.11539586633443832	0.1348842978477478	-0.12777404487133026	0.9879794120788574	-0.08700886368751526
0.8362765312194824	2.3474087715148926	-0.04288637638092041	0.09834766387939453	0.36030054092407227	1.0	18	0.0	0	0.0	0	-0.12322243303060532	-0.10286179184913635	-0.9870338439941406	-0.9841189384460449	-0.11539585888385773	0.1348842829465866	-0.12777404487133026	0.9879793524742126	-0.08700886368751526
0.951797604560852	2.756704330444336	-0.09996208548545837	0.06578516960144043	0.4334268569946289	1.0	18	0.0	0	0.0	0	-0.12322243303060532	-0.10286179184913635	-0.9870338439941406	-0.9841189384460449	-0.11539585143327713	0.1348842829465866	-0.12777402997016907	0.9879793524742126	-0.08700886368751526
0.9920278787612915	2.895686149597168	-0.04697471857070923	0.8795264363288879	0.685099720954895	1.0	17	0.0	0	0.0	0	-0.4794068932533264	0.8573289513587952	-0.1874997317790985	0.037978533655405045	0.2337198257446289	0.9715619683265686	0.8767706155776978	0.458652526140213	-0.14460699260234833
0.9431076049804688	2.932872772216797	0.24813972413539886	0.9349361658096313	0.6799483299255371	1.0	18	0.0	0	0.0	0	-0.4794068932533264	0.8573289513587952	-0.1874997317790985	0.037978533655405045	0.2337198257446289	0.9715619683265686	0.8767706155776978	0.458652526140213	-0.14460699260234833
1.007587194442749	2.9581172466278076	0.19870424270629883	0.9267250299453735	0.6856071949005127	1.0	17	0.0	0	0.0	0	-0.4794068932533264	0.8573289513587952	-0.1874997317790985	0.03797852620482445	0.2337198406457901	0.9715619683265686	0.8767706155776978	0.458652526140213	-0.14460699260234833
1.1669256687164307	2.906822681427002	-0.05043208599090576	0.021100759506225586	0.45305418968200684	1.0	17	0.0	0	0.0	0	-0.041707832366228104	0.3664495050907135	-0.9295026659965515	-0.9890627264976501	-0.1468745768070221	-0.01352385338395834	-0.1414761245250702	0.9187723994255066	0.3685673475265503
0.951797604560852	2.756704330444336	-0.09996208548545837	0.06578516960144043	0.4334268569946289	1.0	18	0.0	0	0.0	0	-0.041707832366228104	0.3664495050907135	-0.9295026659965515	-0.9890627264976501	-0.1468745619058609	-0.013523844070732594	-0.1414760947227478	0.9187723994255066	0.3685673475265503
0.9920278787612915	2.895686149597168	-0.04697471857070923	0.05349934101104736	0.4555182456970215	1.0	17	0.0	0	0.0	0	-0.041707832366228104	0.3664495050907135	-0.9295026659965515	-0.9890627264976501	-0.1468745619058609	-0.013523844070732594	-0.1414760947227478	0.9187723994255066	0.3685673475265503
1.1669256687164307	2.906822681427002	-0.05043208599090576	0.8852311968803406	0.3438677191734314	1.0	17	0.0	0	0.0	0	0.8970264196395874	0.42690232396125793	-0.11444659531116486	0.024266308173537254	0.2109813243150711	0.9771888852119446	0.44131022691726685	-0.8793413639068604	0.1788964569568634
1.2043967247009277	2.904715061187744	0.23540233075618744	0.9372861385345459	0.3559015393257141	1.0	18	0.0	0	0.0	0	0.8970264196395874	0.42690232396125793	-0.11444659531116486	0.024266313761472702	0.21098129451274872	0.9771888256072998	0.44131025671958923	-0.8793414235115051	0.1788964420557022
1.2198278903961182	2.7729592323303223	-0.13511726260185242	0.864533543586731	0.3656608462333679	1.0	18	0.0	0	0.0	0	0.8970264196395874	0.42690232396125793	-0.11444659531116486	0.024266308173537254	0.2109813094139099	0.9771888256072998	0.44131025671958923	-0.8793414235115051	0.1788964569568634
0.8362765312194824	2.3474087715148926	-0.04288637638092041	0.09834766387939453	0.36030054092407227	1.0	18	0.0	0	0.0	0	-0.027379542589187622	-0.4794599413871765	-0.8771366477012634	-0.9874674081802368	-0.12346284836530685	0.0983106791973114	-0.15542981028556824	0.8688355684280396	-0.4700707197189331
1.2201523780822754	2.003469944000244	0.13313472270965576	0.03554356098175049	0.28137874603271484	1.0	18	0.0	0	0.0	0	-0.027379542589187622	-0.4794599413871765	-0.8771366477012634	-0.9874674677848816	-0.12346284836530685	0.0983106791973114	-0.15542979538440704	0.8688355088233948	-0.4700706899166107
0.8591698408126831	2.058274269104004	0.11444556713104248	0.100472092628479	0.30150270462036133	1.0	18	0.0	0	0.0	0	-0.027379542589187622	-0.4794599413871765	-0.8771366477012634	-0.9874674677848816	-0.12346286326646805	0.098310686647892	-0.15542982518672943	0.8688355684280396	-0.4700707495212555
1.2043967247009277	2.904715061187744	0.23540233075618744	0.9372861385345459	0.3559015393257141	1.0	18	0.0	0	0.0	0	0.9722369313240051	0.2303064614534378	-0.041405271738767624	-0.0077885170467197895	0.20869815349578857	0.9779490828514099	0.23386916518211365	-0.9504756331443787	0.20469775795936584
1.3504745960235596	2.2455410957336426	-0.0010343194007873535	0.8683638572692871	0.46865856647491455	1.0	18	0.0	0	0.0	0	0.9722369313240051	0.2303064614534378	-0.041405271738767624	-0.007788513787090778	0.20869815349578857	0.9779491424560547	0.23386918008327484	-0.9504756927490234	0.20469775795936584
1.2198278903961182	2.7729592323303223	-0.13511726260185242	0.864533543586731	0.3656608462333679	1.0	18	0.0	0	0.0	0	0.9722369313240051	0.2303064614534378	-0.041405271738767624	-0.0077885170467197895	0.20869815349578857	0.9779490828514099	0.23386916518211365	-0.9504756331443787	0.20469775795936584
1.2043967247009277	2.904715061187744	0.23540233075618744	0.4853725731372833	0.4172794818878174	1.0	18	0.0	0	0.0	0	0.0648416206240654	0.6686520576477051	0.7407429218292236	0.9858764410018921	0.07193847000598907	-0.15123684704303741	-0.15441273152828217	0.7400873899459839	-0.6545436382293701
0.7941501140594482	2.576900005340576	0.5672249794006348	0.39550086855888367	0.3462238311767578	1.0	18	0.0	0	0.0	0	0.0648416206240654	0.6686520576477051	0.7407429218292236	0.9858763813972473	0.07193847000598907	-0.15123684704303741	-0.15441274642944336	0.7400873899459839	-0.6545436978340149
1.3029930591583252	2.4955191612243652	0.5961436033248901	0.48686644434928894	0.31795454025268555	1.0	18	0.0	0	0.0	0	0.0648416206240654	0.6686520576477051	0.7407429218292236	0.9858764410018921	0.07193847000598907	-0.15123684704303741	-0.15441273152828217	0.7400873899459839	-0.6545436382293701
0.9431076049804688	2.932872772216797	0.24813972413539886	0.9349361658096313	0.6799483299255371	1.0	18	0.0	0	0.0	0	-0.9535569548606873	0.25426870584487915	-0.16148261725902557	-0.10537520051002502	0.2206328958272934	0.969648003578186	0.28217950463294983	0.9416307806968689	-0.18359240889549255
0.8362765312194824	2.3474087715148926	-0.04288637638092041	0.8576444387435913	0.5882304906845093	1.0	18	0.0	0	0.0	0	-0.9535569548606873	0.25426870584487915	-0.16148261725902557	-0.10537520051002502	0.2206328809261322	0.9696479439735413	0.28217950463294983	0.9416308403015137	-0.18359242379665375
0.7941501140594482	2.576900005340576	0.5672249794006348	0.9784189462661743	0.604245662689209	1.0	18	0.0	0	0.0	0	-0.9535569548606873	0.25426870584487915	-0.16148261725902557	-0.10537520051002502	0.2206329107284546	0.9696480631828308	0.28217950463294983	0.9416307806968689	-0.18359240889549255
0.9074443578720093	4.404608726501465	-0.3640325367450714	0.8865616321563721	0.05553412437438965	1.0	15	0.0	0	0.0	0	0.9683342576026917	0.24586376547813416	-0.04335663840174675	-0.009175460785627365	0.2085949331521988	0.977959156036377	0.24948866665363312	-0.9465934634208679	0.20424550771713257
1.1121397018432617	3.6496634483337402	-0.0734240710735321	0.9100421667098999	0.20705300569534302	1.0	16	0.0	0	0.0	0	0.9683342576026917	0.24586376547813416	-0.04335663840174675	-0.009175457060337067	0.2085949182510376	0.977959156036377	0.24948866665363312	-0.9465934634208679	0.20424549281597137
1.1012870073318481	3.633190631866455	-0.4092227518558502	0.8481341600418091	0.1968238353729248	1.0	16	0.0	0	0.0	0	0.9683342576026917	0.24586376547813416	-0.04335663840174675	-0.009175460785627365	0.2085949331521988	0.977959156036377	0.24948866665363312	-0.9465934634208679	0.20424550771713257
0.6378058195114136	4.223358154296875	-0.41552844643592834	0.08437991142272949	0.7188065052032471	1.0	13	0.0	0	0.0	0	-0.08626513183116913	-0.07835908979177475	-0.993185818195343	-0.9876615405082703	-0.12405844777822495	0.09557310491800308	-0.13070210814476013	0.9891760945320129	-0.0666903406381607
1.1012870073318481	3.633190631866455	-0.4092227518558502	0.01672995090484619	0.599614143371582	1.0	16	0.0	0	0.0	0	-0.08626513183116913	-0.07835908979177475	-0.993185818195343	-0.987661600112915	-0.12405845522880554	0.09557311981916428	-0.13070212304592133	0.9891761541366577	-0.0666903480887413
0.7730047702789307	3.5170578956604004	-0.3715466558933258	0.07992386817932129	0.5858457088470459	1.0	16	0.0	0	0.0	0	-0.08626513183116913	-0.07835908979177475	-0.993185818195343	-0.9876615405082703	-0.12405844777822495	0.09557310491800308	-0.13070210814476013	0.9891760945320129	-0.0666903406381607
0.6378058195114136	4.223358154296875	-0.41552844643592834	0.8709102272987366	0.9467145204544067	1.0	13	0.0	0	0.0	0	-0.9516213536262512	-0.30294060707092285	-0.051418237388134	-0.12196515500545502	0.21880808472633362	0.968115508556366	-0.28203076124191284	0.9275506138801575	-0.24517063796520233
0.8440873622894287	3.5122013092041016	-0.04335808753967285	0.9071793556213379	0.7988232374191284	1.0	16	0.0	0	0.0	0	-0.9516213536262512	-0.30294060707092285	-0.051418237388134	-0.12196515500545502	0.21880808472633362	0.9681154489517212	-0.28203076124191284	0.9275505542755127	-0.24517065286636353
0.6298593282699585	4.144733428955078	0.19477355480194092	0.9784189462661743	0.9064420461654663	1.0	13	0.0	0	0.0	0	-0.9516213536262512	-0.30294060707092285	-0.051418237388134	-0.12196515500545502	0.21880808472633362	0.968115508556366	-0.28203073143959045	0.9275504946708679	-0.24517062306404114
0.6298593282699585	4.144733428955078	0.19477355480194092	0.39473119378089905	0.6419517993927002	1.0	13	0.0	0	0.0	0	0.4045191705226898	-0.09848435968160629	0.909211277961731	0.909407377243042	-0.06175649166107178	-0.4112957715988159	0.09665589779615402	0.9932205080986023	0.06458071619272232
1.1121397018432617	3.6496634483337402	-0.0734240710735321	0.48686641454696655	0.5685391426086426	1.0	16	0.0	0	0.0	0	0.4045191705226898	-0.09848435968160629	0.909211277961731	0.9094074368476868	-0.06175650283694267	-0.4112958014011383	0.09665589779615402	0.9932204484939575	0.06458071619272232
0.9371280670166016	4.417391777038574	0.08759987354278564	0.45755207538604736	0.688561201095581	1.0	15	0.0	0	0.0	0	0.4045191705226898	-0.09848435968160629	0.909211277961731	0.9094074368476868	-0.061756495386362076	-0.4112958014011383	0.09665589034557343	0.9932204484939575	0.06458071619272232
0.6635398864746094	-0.0016734600067138672	-0.19091510772705078	0.42333099246025085	0.8245986700057983	1.0	6	0.0	0	0.0	0	-0.00959842000156641	-0.999323308467865	0.03550877049565315	0.999941349029541	-0.009413475170731544	0.005371951498091221	-0.005034055095165968	0.035558246076107025	0.9993549585342407
0.27726173400878906	0.016347169876098633	0.21182413399219513	0.35227692127227783	0.9001166820526123	1.0	6	0.0	0	0.0	0	-0.00959842000156641	-0.999323308467865	0.03550877049565315	0.999941349029541	-0.009413475170731544	0.005371951498091221	-0.005034055095165968	0.035558246076107025	0.9993549585342407
0.32250916957855225	-0.00043272972106933594	-0.24818170070648193	0.3599095344543457	0.8142573833465576	1.0	6	0.0	0	0.0	0	-0.00959842000156641	-0.999323308467865	0.03550877049565315	0.9999412894248962	-0.009413475170731544	0.005371951498091221	-0.005034055095165968	0.03555824235081673	0.999354898929596
0.32355058193206787	0.2395646572113037	-0.24818170070648193	0.6672451496124268	0.06755471229553223	1.0	5	0.0	0	0.0	0	-0.9879745841026306	-0.07441920787096024	-0.13552844524383545	-0.14196473360061646	0.0893511101603508	0.9858307838439941	-0.06125514209270477	0.9932161569595337	-0.09884154051542282
0.27726173400878906	0.016347169876098633	0.21182413399219513	0.7485172152519226	0.018251657485961914	1.0	6	0.0	0	0.0	0	-0.9879745841026306	-0.07441920787096024	-0.13552844524383545	-0.14196473360061646	0.0893511101603508	0.9858307838439941	-0.06125514209270477	0.9932161569595337	-0.09884154051542282
0.2627516984939575	0.33956408500671387	0.14011964201927185	0.7413750886917114	0.07961583137512207	1.0	5	0.0	0	0.0	0	-0.9879745841026306	-0.07441920787096024	-0.13552844524383545	-0.14196473360061646	0.0893511176109314	0.9858307838439941	-0.06125514209270477	0.9932161569595337	-0.09884154796600342
0.664581298828125	0.23832392692565918	-0.19091510772705078	0.6452827453613281	0.06342101097106934	1.0	5	0.0	0	0.0	0	0.9960640668869019	-0.004322183318436146	-0.088530994951725	-0.08856060355901718	-0.08983764797449112	-0.9920111894607544	-0.003665762487798929	0.9959470629692078	-0.08986682444810867
0.6945023536682129	-0.0016744136810302734	0.1574443280696869	0.5842438340187073	0.013086795806884766	1.0	6	0.0	0	0.0	0	0.9960640668869019	-0.004322183318436146	-0.088530994951725	-0.08856060355901718	-0.08983765542507172	-0.9920112490653992	-0.0036657629534602165	0.9959471225738525	-0.08986683189868927
0.6635398864746094	-0.0016734600067138672	-0.19091510772705078	0.6490515470504761	0.01893472671508789	1.0	6	0.0	0	0.0	0	0.9960640668869019	-0.004322183318436146	-0.088530994951725	-0.08856060355901718	-0.08983764797449112	-0.9920112490653992	-0.0036657615564763546	0.995947003364563	-0.08986681699752808
0.32355058193206787	0.2395646572113037	-0.24818170070648193	0.48615527153015137	0.8142573833465576	1.0	5	0.0	0	0.0	0	0.16560092568397522	-0.0007185867289081216	-0.9861925840377808	0.013888313435018063	0.9999022483825684	0.0016035420121625066	0.9860950708389282	-0.013962099328637123	0.16559472680091858
0.6635398864746094	-0.0016734600067138672	-0.19091510772705078	0.44216132164001465	0.8791136741638184	1.0	6	0.0	0	0.0	0	0.16560092568397522	-0.0007185867289081216	-0.9861925840377808	0.013888312503695488	0.9999022483825684	0.001603541779331863	0.9860950708389282	-0.013962098397314548	0.16559472680091858
0.32250916957855225	-0.00043272972106933594	-0.24818170070648193	0.44216132164001465	0.814690351486206	1.0	6	0.0	0	0.0	0	0.16560092568397522	-0.0007185867289081216	-0.9861925840377808	0.013888314366340637	0.9999023079872131	0.0016035418957471848	0.9860950112342834	-0.013962098397314548	0.16559471189975739
0.29512882232666016	0.23823332786560059	0.6577364206314087	0.7628257274627686	0.8056222200393677	1.0	6	0.0	0	0.0	0	0.1610814929008484	-0.0007271707872860134	0.9869409203529358	0.0002226456708740443	-0.9999997019767761	-0.000773131032474339	0.9869411587715149	0.0003442752349656075	-0.16108128428459167
0.6919615268707275	-0.0016744136810302734	0.5927914381027222	0.802830696105957	0.8806333541870117	1.0	6	0.0	0	0.0	0	0.1610814929008484	-0.0007271707872860134	0.9869409203529358	0.00022264569997787476	-0.9999997615814209	-0.0007731311488896608	0.9869410991668701	0.0003442752349656075	-0.16108126938343048
0.6932054758071899	0.23699355125427246	0.5927642583847046	0.7628254890441895	0.8808785676956177	1.0	6	0.0	0	0.0	0	0.1610814929008484	-0.0007271707872860134	0.9869409203529358	0.00022264568542595953	-0.9999997615814209	-0.0007731311488896608	0.9869410991668701	0.00034427520586177707	-0.16108126938343048
0.27726173400878906	0.016347169876098633	0.21182413399219513	0.7485172152519226	0.018251657485961914	1.0	6	0.0	0	0.0	0	-0.9979016184806824	-0.03235612437129021	0.05608496069908142	0.05232025682926178	0.10734229534864426	0.9928445816040039	-0.03814488649368286	0.9936954975128174	-0.10542415082454681
0.29512882232666016	0.23823332786560059	0.6577364206314087	0.835436224937439	0.050452470779418945	1.0	6	0.0	0	0.0	0	-0.9979016184806824	-0.03235612437129021	0.05608496069908142	0.05232025682926178	0.10734230279922485	0.9928445816040039	-0.03814488649368286	0.9936954975128174	-0.10542415827512741
0.2627516984939575	0.33956408500671387	0.14011964201927185	0.7413750886917114	0.07961583137512207	1.0	5	0.0	0	0.0	0	-0.9979016184806824	-0.03235612437129021	0.05608496069908142	0.05232025310397148	0.10734228789806366	0.9928445219993591	-0.03814488649368286	0.9936954379081726	-0.10542414337396622
0.27726173400878906	0.016347169876098633	0.21182413399219513	0.35227692127227783	0.9001166820526123	1.0	6	0.0	0	0.0	0	-0.009197916835546494	-0.999263346195221	-0.037257615476846695	0.9999414086341858	-0.009404435753822327	0.005371519364416599	-0.005717949476093054	-0.037206023931503296	0.9992913007736206
0.6919615268707275	-0.0016744136810302734	0.5927914381027222	0.42946314811706543	0.9707947969436646	1.0	6	0.0	0	0.0	0	-0.009197916835546494	-0.999263346195221	-0.037257615476846695	0.999941349029541	-0.009404435753822327	0.005371518898755312	-0.0057179490104317665	-0.037206020206213	0.9992912411689758
0.2938847541809082	-0.00043272972106933594	0.6577636003494263	0.3555724024772644	0.983318567276001	1.0	6	0.0	0	0.0	0	-0.009197916835546494	-0.999263346195221	-0.037257615476846695	0.999941349029541	-0.009404435753822327	0.005371519364416599	-0.005717949476093054	-0.037206020206213	0.9992912411689758
0.6945023536682129	-0.0016744136810302734	0.1574443280696869	0.5842438340187073	0.013086795806884766	1.0	6	0.0	0	0.0	0	0.9999693632125854	-0.005211223382502794	0.005836144555360079	0.0053823646157979965	-0.08320903778076172	-0.9965176582336426	0.005678696092218161	0.9965185523033142	-0.08317843824625015
0.6932054758071899	0.23699355125427246	0.5927642583847046	0.49956440925598145	0.05058646202087402	1.0	6	0.0	0	0.0	0	0.9999693632125854	-0.005211223382502794	0.005836144555360079	0.0053823646157979965	-0.08320903033018112	-0.9965175986289978	0.005678695626556873	0.9965184926986694	-0.08317843079566956
0.6919615268707275	-0.0016744136810302734	0.5927914381027222	0.503307580947876	0.006349086761474609	1.0	6	0.0	0	0.0	0	0.9999693632125854	-0.005211223382502794	0.005836144555360079	0.0053823646157979965	-0.08320903033018112	-0.9965175986289978	0.005678695626556873	0.9965184926986694	-0.08317843079566956
0.22053468227386475	1.605440616607666	-0.2753489017486572	0.23684054613113403	0.2510371208190918	1.0	3	0.0	0	0.0	0	0.15329332649707794	-0.05827328935265541	-0.9864611029624939	-0.9750145077705383	-0.1713317334651947	-0.14139346778392792	-0.16077262163162231	0.9834885597229004	-0.08308131247758865
0.6113439798355103	0.33765387535095215	-0.1397261619567871	0.20082205533981323	0.006349086761474609	1.0	4	0.0	0	0.0	0	0.15329332649707794	-0.05827328935265541	-0.9864611029624939	-0.9750145077705383	-0.1713317483663559	-0.14139346778392792	-0.1607726365327835	0.9834885597229004	-0.08308131247758865
0.3644237518310547	0.3384864330291748	-0.17814606428146362	0.24669474363327026	0.01444554328918457	1.0	4	0.0	0	0.0	0	0.15329332649707794	-0.05827328935265541	-0.9864611029624939	-0.9750145077705383	-0.1713317334651947	-0.14139346778392792	-0.16077262163162231	0.9834885597229004	-0.08308131247758865
0.6744349002838135	1.7170181274414062	-0.20170435309410095	0.6240633726119995	0.3376343250274658	1.0	3	0.0	0	0.0	0	0.9971628189086914	-0.0482071153819561	-0.0578145831823349	-0.06189827620983124	-0.08803324401378632	-0.9941926002502441	0.04283754527568817	0.9949503540992737	-0.09076740592718124
0.62953120470047	0.4376533031463623	0.09057805687189102	0.5898648500442505	0.09648609161376953	1.0	4	0.0	0	0.0	0	0.9971628189086914	-0.0482071153819561	-0.0578145831823349	-0.06189827620983124	-0.08803324401378632	-0.9941926002502441	0.04283754527568817	0.9949503540992737	-0.09076740592718124
0.6113439798355103	0.33765387535095215	-0.1397261619567871	0.6342767477035522	0.08177852630615234	1.0	4	0.0	0	0.0	0	0.9971628189086914	-0.0482071153819561	-0.0578145831823349	-0.06189827248454094	-0.08803324401378632	-0.9941925406455994	0.04283754900097847	0.9949504137039185	-0.09076741337776184
