3360	1120	14
0.29282504320144653	1.8700895309448242	0.00039480626583099365	0.5720385909080505	0.4588439464569092	1.0	1	0.0	0	0.0	0	0.22049389779567719	0.9604835510253906	-0.16986417770385742	-0.9750658869743347	0.22153018414974213	-0.013069076463580132	0.02507741004228592	0.16851042211055756	0.9853808283805847
0.0	1.9995315074920654	0.3522097170352936	0.6501742005348206	0.5478955507278442	1.0	1	0.0	0	0.0	0	0.22049389779567719	0.9604835510253906	-0.16986417770385742	-0.9750659465789795	0.22153021395206451	-0.01306908205151558	0.02507740631699562	0.16851040720939636	0.9853807687759399
0.2741372585296631	1.938171148300171	0.3610990345478058	0.5794142484664917	0.5492010116577148	1.0	1	0.0	0	0.0	0	0.22049389779567719	0.9604835510253906	-0.16986417770385742	-0.9750658869743347	0.22153018414974213	-0.013069077394902706	0.02507740817964077	0.16851042211055756	0.9853808283805847
0.0	1.9995315074920654	0.3522097170352936	0.6501742005348206	0.5478955507278442	1.0	1	0.0	0	0.0	0	0.21765506267547607	0.9757527709007263	0.02308220975100994	-0.9758614897727966	0.21799135208129883	-0.013190995901823044	-0.01790287345647812	-0.01965395361185074	0.9996464848518372
0.23749646544456482	1.9425280094146729	0.5224282145500183	0.5881266593933105	0.5899546146392822	0.5	3	0.5	1	0.0	0	0.21765506267547607	0.9757527709007263	0.02308220975100994	-0.9758614897727966	0.21799135208129883	-0.013190997764468193	-0.017902875319123268	-0.01965395174920559	0.9996464848518372
0.2741372585296631	1.938171148300171	0.3610990345478058	0.5794142484664917	0.5492010116577148	1.0	1	0.0	0	0.0	0	0.21765506267547607	0.9757527709007263	0.02308220975100994	-0.9758614897727966	0.21799135208129883	-0.01319099497050047	-0.01790287159383297	-0.01965395361185074	0.9996464848518372
0.4977811276912689	1.8335161209106445	0.5612351894378662	0.5178962349891663	0.5992188453674316	0.5	3	0.5	1	0.0	0	0.7473437786102295	0.6238694787025452	0.22861357033252716	-0.6426032781600952	0.7661343216896057	0.00996334571391344	-0.16893287003040314	-0.15435388684272766	0.9734662771224976
0.4070739150047302	1.8303581476211548	0.8663772940635681	0.5389571189880371	0.6764962673187256	1.0	3	0.0	0	0.0	0	0.7473437786102295	0.6238694787025452	0.22861357033252716	-0.6426032781600952	0.7661343216896057	0.00996334571391344	-0.16893287003040314	-0.15435388684272766	0.9734662771224976
0.6394426226615906	1.57936429977417	0.7917014956474304	0.4676823616027832	0.6584136486053467	0.5	3	0.5	1	0.0	0	0.7473437786102295	0.6238694787025452	0.22861357033252716	-0.64260333776474	0.7661343216896057	0.009963340125977993	-0.16893285512924194	-0.15435385704040527	0.9734662175178528
0.0	1.9907716512680054	0.5064094662666321	0.6491701006889343	0.5867676734924316	0.5	3	0.5	1	0.0	0	0.1947844922542572	0.7483725547790527	-0.6340327262878418	-0.9701858162879944	0.24204692244529724	-0.012358803302049637	0.14421670138835907	0.6175369024276733	0.7732075452804565
0.1752094328403473	2.0514450073242188	0.6318514943122864	0.609363853931427	0.616987943649292	1.0	3	0.0	0	0.0	0	0.1947844922542572	0.7483725547790527	-0.6340327262878418	-0.9701858758926392	0.24204692244529724	-0.012358804233372211	0.14421668648719788	0.6175369024276733	0.7732074856758118
0.23749646544456482	1.9425280094146729	0.5224282145500183	0.5881266593933105	0.5899546146392822	0.5	3	0.5	1	0.0	0	0.1947844922542572	0.7483725547790527	-0.6340327262878418	-0.9701858758926392	0.24204692244529724	-0.012358794920146465	0.14421668648719788	0.6175369024276733	0.7732074856758118
0.34179335832595825	0.5707587599754333	0.4227845072746277	0.753959059715271	0.3580935597419739	0.5	11	0.5	1	0.0	0	0.41717320680618286	-0.7826284170150757	0.46201658248901367	0.8978697657585144	0.43361642956733704	-0.07620221376419067	-0.14069995284080505	0.44662022590637207	0.8835915327072144
0.5583238005638123	0.9878244996070862	0.9337549209594727	0.822443425655365	0.5063318610191345	1.0	1	0.0	0	0.0	0	0.41717320680618286	-0.7826284170150757	0.46201658248901367	0.8978697061538696	0.43361636996269226	-0.07620220631361008	-0.14069993793964386	0.4466201961040497	0.8835914731025696
0.3282218277454376	0.9175060987472534	1.0224080085754395	0.7626291513442993	0.525689423084259	1.0	1	0.0	0	0.0	0	0.41717320680618286	-0.7826284170150757	0.46201658248901367	0.8978697061538696	0.43361636996269226	-0.07620220631361008	-0.14069993793964386	0.4466201961040497	0.8835914731025696
0.3282218277454376	0.9175060987472534	1.0224080085754395	0.7626291513442993	0.525689423084259	1.0	1	0.0	0	0.0	0	0.5608472228050232	-0.39374974370002747	0.7282935380935669	0.6917877793312073	0.706145167350769	-0.15095940232276917	-0.454840749502182	0.5884897708892822	0.6684308052062988
0.4492850601673126	1.289046287536621	1.1300512552261353	0.8056726455688477	0.5734570622444153	0.5	3	0.5	1	0.0	0	0.5608472228050232	-0.39374974370002747	0.7282935380935669	0.6917877793312073	0.706145167350769	-0.15095943212509155	-0.454840749502182	0.5884897708892822	0.6684308052062988
0.26083019375801086	1.2004987001419067	1.2273043394088745	0.7556188106536865	0.5934565663337708	0.5	3	0.5	1	0.0	0	0.5608472228050232	-0.39374974370002747	0.7282935380935669	0.6917877793312073	0.706145167350769	-0.15095938742160797	-0.454840749502182	0.5884897708892822	0.6684308052062988
0.730158269405365	0.6490519046783447	-0.0628536269068718	0.8534727096557617	0.24089360237121582	1.0	1	0.0	0	0.0	0	-0.3195247948169708	-0.9266994595527649	0.19781790673732758	0.9467213749885559	-0.3033274710178375	0.10821840912103653	-0.04028233140707016	0.22185692191123962	0.9742468595504761
0.7880683541297913	0.7243933081626892	0.3836304247379303	0.8705806136131287	0.3540326952934265	1.0	1	0.0	0	0.0	0	-0.3195247948169708	-0.9266994595527649	0.19781790673732758	0.9467213153839111	-0.3033274710178375	0.10821839421987534	-0.040282320231199265	0.22185689210891724	0.9742467999458313
0.7335337400436401	0.7460908889770508	0.3971882164478302	0.8577282428741455	0.3591233491897583	1.0	1	0.0	0	0.0	0	-0.3195247948169708	-0.9266994595527649	0.19781790673732758	0.9467213153839111	-0.3033274710178375	0.10821840167045593	-0.04028232768177986	0.22185689210891724	0.9742467999458313
0.7201921939849854	1.0333106517791748	-0.8286224603652954	0.8783390522003174	0.9312034845352173	0.5	10	0.5	1	0.0	0	0.09618033468723297	-0.6948009729385376	-0.7127419114112854	0.9845981001853943	0.1714431345462799	-0.034261882305145264	0.14599987864494324	-0.6984689831733704	0.700589120388031
0.7189818620681763	1.2180707454681396	-1.0088951587677002	0.8719751238822937	0.876079797744751	1.0	1	0.0	0	0.0	0	0.09618033468723297	-0.6948009729385376	-0.7127419114112854	0.9845981001853943	0.1714431494474411	-0.03426189720630646	0.14599989354610443	-0.6984689831733704	0.700589120388031
0.7578128576278687	1.0229047536849976	-0.8134018182754517	0.8875315189361572	0.9362567663192749	1.0	1	0.0	0	0.0	0	0.09618033468723297	-0.6948009729385376	-0.7127419114112854	0.9845981597900391	0.1714431345462799	-0.03426188975572586	0.14599989354610443	-0.6984689831733704	0.700589120388031
0.7150478363037109	1.5526123046875	-0.32559987902641296	0.34342098236083984	0.1846606284379959	1.0	1	0.0	0	0.0	0	0.9328822493553162	0.3547089099884033	-0.06254958361387253	-0.2988310754299164	0.6652740240097046	-0.6841860413551331	-0.2010742574930191	0.6569567322731018	0.7266203165054321
0.8583084940910339	1.208569049835205	-0.13998515903949738	0.2509954571723938	0.15460431575775146	1.0	1	0.0	0	0.0	0	0.9328822493553162	0.3547089099884033	-0.06254958361387253	-0.2988310754299164	0.6652740240097046	-0.6841859817504883	-0.2010742425918579	0.656956672668457	0.7266203165054321
0.845022439956665	1.2090846300125122	-0.33521339297294617	0.2846134901046753	0.11981479823589325	1.0	1	0.0	0	0.0	0	0.9328822493553162	0.3547089099884033	-0.06254958361387253	-0.2988310754299164	0.6652740240097046	-0.6841860413551331	-0.2010742574930191	0.6569567322731018	0.7266203165054321
0.67894047498703	1.2562555074691772	-1.028815746307373	0.8635759353637695	0.8639516830444336	0.5	10	0.5	1	0.0	0	0.4953184127807617	0.0675775334239006	-0.8660790324211121	0.8263562917709351	0.2708534002304077	0.4937345087528229	0.2679458558559418	-0.9602457284927368	0.07831556349992752
0.6482195854187012	1.4327603578567505	-1.0326131582260132	0.8678288459777832	0.8198504447937012	1.0	1	0.0	0	0.0	0	0.4953184127807617	0.0675775334239006	-0.8660790324211121	0.8263563513755798	0.2708534002304077	0.49373453855514526	0.2679458260536194	-0.960245668888092	0.07831554859876633
0.7189818620681763	1.2180707454681396	-1.0088951587677002	0.8719751238822937	0.876079797744751	1.0	1	0.0	0	0.0	0	0.4953184127807617	0.0675775334239006	-0.8660790324211121	0.8263562917709351	0.2708534002304077	0.4937345087528229	0.2679458558559418	-0.9602457284927368	0.07831556349992752
0.7335337400436401	0.7460908889770508	0.3971882164478302	0.8577282428741455	0.3591233491897583	1.0	1	0.0	0	0.0	0	0.1689302921295166	-0.7748231887817383	0.6091892719268799	0.9794301390647888	0.2011697143316269	-0.015733154490590096	-0.11036000400781631	0.5993161201477051	0.7928687334060669
0.7593787312507629	1.0366559028625488	0.7595887184143066	0.8742583394050598	0.46503081917762756	1.0	1	0.0	0	0.0	0	0.1689302921295166	-0.7748231887817383	0.6091892719268799	0.9794301390647888	0.2011697143316269	-0.015733154490590096	-0.11036000400781631	0.5993161201477051	0.7928687334060669
0.7223435044288635	1.0463472604751587	0.7821850776672363	0.8653577566146851	0.47145313024520874	1.0	1	0.0	0	0.0	0	0.1689302921295166	-0.7748231887817383	0.6091892719268799	0.9794301390647888	0.2011697143316269	-0.015733154490590096	-0.11036000400781631	0.5993161201477051	0.7928687334060669
0.29282504320144653	1.8700895309448242	0.00039480626583099365	0.5720385909080505	0.4588439464569092	1.0	1	0.0	0	0.0	0	0.29585137963294983	0.9333071112632751	-0.20349419116973877	-0.9538462162017822	0.3001193106174469	-0.010286410339176655	0.05147215723991394	0.19714541733264923	0.9790221452713013
0.5842833518981934	1.7427010536193848	-0.16012194752693176	0.49374285340309143	0.41792619228363037	1.0	1	0.0	0	0.0	0	0.29585137963294983	0.9333071112632751	-0.20349419116973877	-0.9538462162017822	0.3001193106174469	-0.010286410339176655	0.05147215723991394	0.19714541733264923	0.9790221452713013
0.2921416759490967	1.8296667337417603	-0.18599408864974976	0.5704562067985535	0.41224539279937744	1.0	1	0.0	0	0.0	0	0.29585137963294983	0.9333071112632751	-0.20349419116973877	-0.9538462162017822	0.3001193106174469	-0.010286410339176655	0.05147215723991394	0.19714541733264923	0.9790221452713013
0.6181911826133728	1.4478797912597656	-1.0455079078674316	0.4711505174636841	0.1971592903137207	0.5	10	0.5	1	0.0	0	0.5323926210403442	0.7829645872116089	-0.3217525780200958	-0.8269145488739014	0.5623277425765991	0.00012279323709663004	0.18102651834487915	0.26599645614624023	0.9468238353729248
0.5749604105949402	1.561249017715454	-0.8411634564399719	0.4876725673675537	0.24794995784759521	0.5	10	0.5	1	0.0	0	0.5323926210403442	0.7829645872116089	-0.3217525780200958	-0.8269144296646118	0.5623277425765991	0.00012277405767235905	0.18102653324604034	0.2659964859485626	0.9468238353729248
0.6482195854187012	1.4327603578567505	-1.0326131582260132	0.4628734290599823	0.20036554336547852	1.0	1	0.0	0	0.0	0	0.5323926210403442	0.7829645872116089	-0.3217525780200958	-0.8269144892692566	0.5623277425765991	0.00012279323709663004	0.18102653324604034	0.26599645614624023	0.94682377576828
0.6333306431770325	1.396364450454712	0.8454909920692444	0.11112754046916962	0.37110573053359985	1.0	1	0.0	0	0.0	0	0.516193687915802	-0.02357403375208378	0.8561474084854126	0.7223510146141052	0.5490609407424927	-0.42040592432022095	-0.46016642451286316	0.8354498147964478	0.30045050382614136
0.7223435044288635	1.0463472604751587	0.7821850776672363	0.05973154306411743	0.29654359817504883	1.0	1	0.0	0	0.0	0	0.516193687915802	-0.02357403375208378	0.8561474084854126	0.7223510146141052	0.5490609407424927	-0.42040595412254333	-0.4601663649082184	0.835449755191803	0.30045047402381897
0.7593787312507629	1.0366559028625488	0.7595887184143066	0.06249047815799713	0.2897881865501404	1.0	1	0.0	0	0.0	0	0.516193687915802	-0.02357403375208378	0.8561474084854126	0.7223510146141052	0.5490608811378479	-0.42040595412254333	-0.4601663649082184	0.8354498744010925	0.30045047402381897
0.0	0.5201160311698914	0.3868766129016876	0.666946291923523	0.3491658568382263	0.3333333333333333	11	0.3333333333333333	7	0.3333333333333333	1	0.11149584501981735	-0.9527764916419983	0.28246355056762695	0.9930213689804077	0.11781083792448044	0.005415375344455242	-0.038436904549598694	0.2798885107040405	0.9592627286911011
0.33665212988853455	0.4248092472553253	-0.06748773157596588	0.7475699186325073	0.2295316457748413	1.0	11	0.0	0	0.0	0	0.11149584501981735	-0.9527764916419983	0.28246355056762695	0.9930213093757629	0.11781083047389984	0.005415370687842369	-0.038436904549598694	0.2798885405063629	0.9592627882957458
0.34179335832595825	0.5707587599754333	0.4227845072746277	0.753959059715271	0.3580935597419739	0.5	11	0.5	1	0.0	0	0.11149584501981735	-0.9527764916419983	0.28246355056762695	0.9930213093757629	0.11781083792448044	0.005415373016148806	-0.038436904549598694	0.2798885405063629	0.9592627882957458
0.2855537533760071	1.7933859825134277	-0.34903213381767273	0.5704861879348755	0.3715221881866455	1.0	1	0.0	0	0.0	0	0.2902728021144867	0.9375649094581604	-0.1916084587574005	-0.9558169841766357	0.2937743365764618	-0.010517062619328499	0.046429216861724854	0.18619543313980103	0.9814151525497437
0.557931661605835	1.6868860721588135	-0.4575173258781433	0.4979117512702942	0.34363818168640137	1.0	1	0.0	0	0.0	0	0.2902728021144867	0.9375649094581604	-0.1916084587574005	-0.955816924571991	0.2937743365764618	-0.010517061688005924	0.046429216861724854	0.18619541823863983	0.9814150929450989
0.2789658308029175	1.7680950164794922	-0.482764333486557	0.5710604190826416	0.3380911350250244	1.0	1	0.0	0	0.0	0	0.2902728021144867	0.9375649094581604	-0.1916084587574005	-0.955816924571991	0.2937743365764618	-0.010517067275941372	0.046429213136434555	0.18619541823863983	0.9814150929450989
0.845022439956665	1.2090846300125122	-0.33521339297294617	0.2846134901046753	0.11981479823589325	1.0	1	0.0	0	0.0	0	0.926815390586853	0.3541567623615265	-0.12484488636255264	-0.3403947055339813	0.6519507169723511	-0.6775631308555603	-0.15857084095478058	0.6704724431037903	0.7247909903526306
0.7035636901855469	1.5289478302001953	-0.4779859185218811	0.36525416374206543	0.15335874259471893	1.0	1	0.0	0	0.0	0	0.926815390586853	0.3541567623615265	-0.12484488636255264	-0.3403947055339813	0.6519507169723511	-0.6775631308555603	-0.15857084095478058	0.6704724431037903	0.7247909903526306
0.7150478363037109	1.5526123046875	-0.32559987902641296	0.34342098236083984	0.1846606284379959	1.0	1	0.0	0	0.0	0	0.926815390586853	0.3541567623615265	-0.12484488636255264	-0.3403947055339813	0.6519507169723511	-0.6775631308555603	-0.15857084095478058	0.6704724431037903	0.7247909903526306
0.730158269405365	0.6490519046783447	-0.0628536269068718	0.8534727096557617	0.24089360237121582	1.0	1	0.0	0	0.0	0	-0.47019392251968384	-0.8648158311843872	-0.1761000156402588	0.8548506498336792	-0.49588027596473694	0.1527513712644577	-0.21942636370658875	-0.0787164643406868	0.9724483489990234
0.7713675498962402	0.6811420321464539	-0.3304765820503235	0.8648239374160767	0.17711013555526733	1.0	1	0.0	0	0.0	0	-0.47019392251968384	-0.8648158311843872	-0.1761000156402588	0.8548507690429688	-0.4958803355693817	0.1527514010667801	-0.21942636370658875	-0.0787164568901062	0.9724484086036682
0.7832481265068054	0.6207488179206848	-0.06561099737882614	0.865738034248352	0.23805361986160278	1.0	1	0.0	0	0.0	0	-0.47019392251968384	-0.8648158311843872	-0.1761000156402588	0.854850709438324	-0.4958803057670593	0.1527513861656189	-0.21942634880542755	-0.0787164494395256	0.9724483489990234
0.3252476453781128	0.4866199791431427	-0.6929306387901306	0.746774435043335	0.08058655261993408	1.0	11	0.0	0	0.0	0	0.17812025547027588	-0.8631317615509033	-0.4725217819213867	0.977152943611145	0.211737260222435	-0.018425406888127327	0.11595400422811508	-0.4584440290927887	0.881126344203949
0.0	0.6168810129165649	-1.0534762144088745	0.6700918078422546	0.003170907497406006	0.3333333333333333	11	0.3333333333333333	10	0.3333333333333333	7	0.17812025547027588	-0.8631317615509033	-0.4725217819213867	0.9771530032157898	0.2117372751235962	-0.018425416201353073	0.11595401912927628	-0.4584440588951111	0.8811264038085938
0.3453204929828644	0.6772938966751099	-1.033658504486084	0.7583194971084595	0.008729696273803711	0.5	11	0.5	10	0.0	0	0.17812025547027588	-0.8631317615509033	-0.4725217819213867	0.9771530032157898	0.2117372751235962	-0.018425416201353073	0.11595401912927628	-0.4584440588951111	0.8811264038085938
0.2789658308029175	1.7680950164794922	-0.482764333486557	0.5710604190826416	0.3380911350250244	1.0	1	0.0	0	0.0	0	0.32533153891563416	0.9353594183921814	-0.13878826797008514	-0.9448864459991455	0.32726648449897766	-0.009291584603488445	0.03672977536916733	0.13416200876235962	0.9902785420417786
0.5073615908622742	1.654197096824646	-0.7149968147277832	0.5092297792434692	0.2793443202972412	0.5	10	0.5	1	0.0	0	0.32533153891563416	0.9353594183921814	-0.13878826797008514	-0.9448864459991455	0.32726648449897766	-0.009291584603488445	0.03672977536916733	0.13416200876235962	0.9902785420417786
0.2536807954311371	1.739272117614746	-0.7362856864929199	0.5763952136039734	0.27463555335998535	0.5	10	0.5	1	0.0	0	0.32533153891563416	0.9353594183921814	-0.13878826797008514	-0.9448864459991455	0.3272664546966553	-0.009291580878198147	0.03672977536916733	0.13416199386119843	0.9902785420417786
0.8546095490455627	1.2723489999771118	0.18361379206180573	0.20662818849086761	0.22417764365673065	1.0	1	0.0	0	0.0	0	0.9135441780090332	0.4064998924732208	0.013963917270302773	-0.2870994210243225	0.6687688231468201	-0.6858003735542297	-0.28811636567115784	0.6224998831748962	0.7276557087898254
0.7265319228172302	1.5721650123596191	-0.16518592834472656	0.3194504380226135	0.21669788658618927	1.0	1	0.0	0	0.0	0	0.9135441780090332	0.4064998924732208	0.013963917270302773	-0.2870994210243225	0.6687688231468201	-0.6858004331588745	-0.2881163954734802	0.622499942779541	0.7276557087898254
0.6996533870697021	1.6236366033554077	0.09487944841384888	0.2834325432777405	0.27329105138778687	1.0	1	0.0	0	0.0	0	0.9135441780090332	0.4064998924732208	0.013963917270302773	-0.2870994210243225	0.6687688231468201	-0.6858003735542297	-0.28811636567115784	0.6224998831748962	0.7276557087898254
0.5586686730384827	1.5108544826507568	-1.1167083978652954	0.4896213710308075	0.17906880378723145	1.0	10	0.0	0	0.0	0	0.742548406124115	0.6662999987602234	-0.06830938160419464	-0.6673845648765564	0.7446610927581787	0.008818336762487888	0.05674299597740173	0.03904058411717415	0.9976252317428589
0.3336440920829773	1.762471318244934	-1.1085008382797241	0.5593464374542236	0.18038201332092285	1.0	10	0.0	0	0.0	0	0.742548406124115	0.6662999987602234	-0.06830938160419464	-0.6673845052719116	0.7446610927581787	0.008818334899842739	0.05674299597740173	0.03904058411717415	0.9976252317428589
0.4125595688819885	1.696685791015625	-0.892342209815979	0.5354952216148376	0.23487520217895508	1.0	10	0.0	0	0.0	0	0.742548406124115	0.6662999987602234	-0.06830938160419464	-0.6673845052719116	0.7446610927581787	0.008818334899842739	0.05674299597740173	0.03904058411717415	0.9976252317428589
0.3453204929828644	0.6772938966751099	-1.033658504486084	0.7515807747840881	0.9884891510009766	0.5	11	0.5	10	0.0	0	0.17575548589229584	-0.6770244240760803	-0.7146663665771484	0.9794880747795105	0.19294403493404388	0.058100663125514984	0.09855504333972931	-0.7102186679840088	0.6970483064651489
0.0	0.846416711807251	-1.2787970304489136	0.661404550075531	0.9181983470916748	1.0	10	0.0	0	0.0	0	0.17575548589229584	-0.6770244240760803	-0.7146663665771484	0.9794881343841553	0.19294403493404388	0.058100659400224686	0.09855503588914871	-0.7102186679840088	0.6970483064651489
0.3143598437309265	0.9107538461685181	-1.262436032295227	0.7369149923324585	0.9174830913543701	1.0	10	0.0	0	0.0	0	0.17575548589229584	-0.6770244240760803	-0.7146663665771484	0.9794880747795105	0.19294403493404388	0.058100659400224686	0.09855504333972931	-0.7102187275886536	0.6970483660697937
0.7410534024238586	0.8771843314170837	-0.6211454272270203	0.8936443328857422	0.9818853139877319	1.0	1	0.0	0	0.0	0	-0.15999242663383484	-0.7799193263053894	-0.6050854921340942	0.9313156008720398	0.08391570299863815	-0.3544142544269562	0.32719066739082336	-0.6202291250228882	0.7129250764846802
0.7578128576278687	1.0229047536849976	-0.8134018182754517	0.8875315189361572	0.9362567663192749	1.0	1	0.0	0	0.0	0	-0.15999242663383484	-0.7799193263053894	-0.6050854921340942	0.9313156008720398	0.08391571044921875	-0.3544142544269562	0.32719069719314575	-0.6202291250228882	0.7129250764846802
0.7845497727394104	0.8602319359779358	-0.610795795917511	0.9032266139984131	0.9884891510009766	1.0	1	0.0	0	0.0	0	-0.15999242663383484	-0.7799193263053894	-0.6050854921340942	0.9313156008720398	0.08391571789979935	-0.3544142544269562	0.32719066739082336	-0.6202290654182434	0.7129250168800354
0.2536807954311371	1.739272117614746	-0.7362856864929199	0.5763952136039734	0.27463555335998535	0.5	10	0.5	1	0.0	0	0.3867380917072296	0.9106844663619995	0.14521515369415283	-0.9200254082679749	0.3917986750602722	-0.006859320215880871	-0.06314177811145782	-0.13094887137413025	0.9893763065338135
0.4125595688819885	1.696685791015625	-0.892342209815979	0.5354952216148376	0.23487520217895508	1.0	10	0.0	0	0.0	0	0.3867380917072296	0.9106844663619995	0.14521515369415283	-0.9200254678726196	0.3917987048625946	-0.006859320681542158	-0.06314178556203842	-0.13094887137413025	0.9893763661384583
0.23018255829811096	1.776353120803833	-0.9062502384185791	0.5848525762557983	0.23170220851898193	1.0	10	0.0	0	0.0	0	0.3867380917072296	0.9106844663619995	0.14521515369415283	-0.9200254082679749	0.3917986750602722	-0.006859320215880871	-0.06314177811145782	-0.13094887137413025	0.9893763065338135
0.4458449184894562	1.577803134918213	-1.2378147840499878	0.06595510244369507	0.9379496574401855	1.0	10	0.0	0	0.0	0	0.8352065086364746	0.5470254421234131	-0.05650842934846878	-0.46387284994125366	0.7559618949890137	0.46189144253730774	0.29538458585739136	-0.3595619797706604	0.8851344585418701
0.2835877537727356	1.8186137676239014	-1.3048615455627441	0.11060863733291626	0.8937690258026123	1.0	10	0.0	0	0.0	0	0.8352065086364746	0.5470254421234131	-0.05650842934846878	-0.4638728201389313	0.7559618353843689	0.46189144253730774	0.29538461565971375	-0.3595620393753052	0.8851345777511597
0.3336440920829773	1.762471318244934	-1.1085008382797241	0.12501898407936096	0.9413495063781738	1.0	10	0.0	0	0.0	0	0.8352065086364746	0.5470254421234131	-0.05650842934846878	-0.46387284994125366	0.7559618353843689	0.46189144253730774	0.29538458585739136	-0.3595620095729828	0.8851345181465149
0.23018255829811096	1.776353120803833	-0.9062502384185791	0.5848525762557983	0.23170220851898193	1.0	10	0.0	0	0.0	0	0.3961621820926666	0.9073862433433533	0.14037729799747467	-0.9160721302032471	0.4009609520435333	-0.0065061720088124275	-0.06218942254781723	-0.126018226146698	0.9900767803192139
0.3336440920829773	1.762471318244934	-1.1085008382797241	0.5593464374542236	0.18038201332092285	1.0	10	0.0	0	0.0	0	0.3961621820926666	0.9073862433433533	0.14037729799747467	-0.9160721302032471	0.4009609520435333	-0.006506176199764013	-0.06218942627310753	-0.126018226146698	0.9900767803192139
0.20571807026863098	1.8174309730529785	-1.1027319431304932	0.5938640832901001	0.18207025527954102	1.0	10	0.0	0	0.0	0	0.3961621820926666	0.9073862433433533	0.14037729799747467	-0.9160720705986023	0.40096092224121094	-0.006506175734102726	-0.06218942254781723	-0.126018226146698	0.9900767207145691
0.5586686730384827	1.5108544826507568	-1.1167083978652954	0.8446056842803955	0.7921717166900635	1.0	10	0.0	0	0.0	0	0.7749817967414856	0.29472342133522034	-0.5590540170669556	0.48530933260917664	0.2891019880771637	0.8251636028289795	0.404818594455719	-0.9108008146286011	0.08101674169301987
0.4335319399833679	1.3626298904418945	-1.368319034576416	0.7820210456848145	0.8076503276824951	1.0	10	0.0	0	0.0	0	0.7749817967414856	0.29472342133522034	-0.5590540170669556	0.48530933260917664	0.2891019880771637	0.8251636028289795	0.404818594455719	-0.9108008146286011	0.08101674169301987
0.4458449184894562	1.577803134918213	-1.2378147840499878	0.8117888569831848	0.7639877796173096	1.0	10	0.0	0	0.0	0	0.7749817967414856	0.29472342133522034	-0.5590540170669556	0.48530930280685425	0.2891019880771637	0.8251635432243347	0.40481865406036377	-0.9108008146286011	0.08101676404476166
0.3143598437309265	0.9107538461685181	-1.262436032295227	0.7369149923324585	0.9174830913543701	1.0	10	0.0	0	0.0	0	0.160260871052742	-0.3941594362258911	-0.9049612283706665	0.9761767387390137	0.19914858043193817	0.08613257855176926	0.14627178013324738	-0.8972057700157166	0.41668498516082764
0.0	1.1976466178894043	-1.443063735961914	0.667708158493042	0.8239552974700928	1.0	10	0.0	0	0.0	0	0.160260871052742	-0.3941594362258911	-0.9049612283706665	0.9761767983436584	0.19914861023426056	0.08613257110118866	0.14627180993556976	-0.8972058296203613	0.4166850447654724
0.2556619942188263	1.2709619998931885	-1.4297209978103638	0.7304839491844177	0.8183178901672363	1.0	10	0.0	0	0.0	0	0.160260871052742	-0.3941594362258911	-0.9049612283706665	0.9761767387390137	0.19914858043193817	0.08613257855176926	0.14627178013324738	-0.8972057700157166	0.41668498516082764
0.0	1.5247704982757568	-1.5807262659072876	0.6751161813735962	0.7370777130126953	1.0	10	0.0	0	0.0	0	0.13445961475372314	-0.4486062824726105	-0.883557140827179	0.9801100492477417	0.19154860079288483	0.0518985316157341	0.14596208930015564	-0.8729614019393921	0.4654390215873718
0.12684260308742523	1.7283923625946045	-1.6648077964782715	0.7080115079879761	0.688673734664917	1.0	10	0.0	0	0.0	0	0.13445961475372314	-0.4486062824726105	-0.883557140827179	0.9801101088523865	0.19154860079288483	0.05189855024218559	0.14596208930015564	-0.8729614615440369	0.4654390513896942
0.18617117404937744	1.561738133430481	-1.5711642503738403	0.7197489142417908	0.7369198799133301	1.0	10	0.0	0	0.0	0	0.13445961475372314	-0.4486062824726105	-0.883557140827179	0.9801101088523865	0.19154860079288483	0.05189855024218559	0.14596208930015564	-0.8729614615440369	0.4654390513896942
0.20571807026863098	1.8174309730529785	-1.1027319431304932	0.5938640832901001	0.18207025527954102	1.0	10	0.0	0	0.0	0	0.30904194712638855	0.9428542852401733	0.12457454204559326	-0.949825644493103	0.31262555718421936	-0.009828551672399044	-0.04821208119392395	-0.11528665572404861	0.9921616315841675
0.2835877537727356	1.8186137676239014	-1.3048615455627441	0.5755029916763306	0.1307971477508545	1.0	10	0.0	0	0.0	0	0.30904194712638855	0.9428542852401733	0.12457454204559326	-0.9498255848884583	0.31262555718421936	-0.009828546084463596	-0.04821207374334335	-0.11528665572404861	0.9921615719795227
0.169725239276886	1.8575242757797241	-1.3168916702270508	0.6056997776031494	0.12805533409118652	1.0	10	0.0	0	0.0	0	0.30904194712638855	0.9428542852401733	0.12457454204559326	-0.949825644493103	0.31262558698654175	-0.009828543290495872	-0.04821207374334335	-0.11528666317462921	0.9921615719795227
0.4458449184894562	1.577803134918213	-1.2378147840499878	0.06595510244369507	0.9379496574401855	1.0	10	0.0	0	0.0	0	0.884066104888916	0.21811452507972717	-0.4133439362049103	0.06030258536338806	0.8237913846969604	0.563676655292511	0.4634552597999573	-0.5232531428337097	0.7151331305503845
0.3164795935153961	1.616960048675537	-1.4938408136367798	0.04150542616844177	0.8821170330047607	1.0	10	0.0	0	0.0	0	0.884066104888916	0.21811452507972717	-0.4133439362049103	0.06030258536338806	0.8237913846969604	0.563676655292511	0.4634552597999573	-0.5232531428337097	0.7151331305503845
0.33235716819763184	1.6943742036819458	-1.4190315008163452	0.06770315766334534	0.8864283561706543	1.0	10	0.0	0	0.0	0	0.884066104888916	0.21811452507972717	-0.4133439362049103	0.06030255928635597	0.8237913846969604	0.563676655292511	0.4634552597999573	-0.5232531428337097	0.7151331901550293
0.2556619942188263	1.2709619998931885	-1.4297209978103638	0.7304839491844177	0.8183178901672363	1.0	10	0.0	0	0.0	0	0.12762615084648132	-0.4090196490287781	-0.9035566449165344	0.9801247715950012	0.1915145218372345	0.05174701660871506	0.15187865495681763	-0.8922024965286255	0.42533254623413086
0.0	1.5247704982757568	-1.5807262659072876	0.6751161813735962	0.7370777130126953	1.0	10	0.0	0	0.0	0	0.12762615084648132	-0.4090196490287781	-0.9035566449165344	0.9801247119903564	0.1915145069360733	0.05174700915813446	0.15187865495681763	-0.8922024369239807	0.42533254623413086
0.18617117404937744	1.561738133430481	-1.5711642503738403	0.7197489142417908	0.7369198799133301	1.0	10	0.0	0	0.0	0	0.12762615084648132	-0.4090196490287781	-0.9035566449165344	0.9801247119903564	0.1915145069360733	0.051747001707553864	0.15187866985797882	-0.8922024369239807	0.42533251643180847
0.2071099430322647	1.8106658458709717	-1.5582314729690552	0.07549357414245605	0.8439366817474365	1.0	10	0.0	0	0.0	0	0.903018057346344	-0.16013000905513763	-0.3986438810825348	0.3741597533226013	0.7491233348846436	0.546643078327179	0.21109947562217712	-0.6427850127220154	0.7363860607147217
0.14149750769138336	1.8013335466384888	-1.7031097412109375	0.05490955710411072	0.8166000843048096	1.0	10	0.0	0	0.0	0	0.903018057346344	-0.16013000905513763	-0.3986438810825348	0.3741597831249237	0.7491233944892883	0.546643078327179	0.21109947562217712	-0.6427849531173706	0.7363861203193665
0.14354442059993744	1.8703067302703857	-1.7261786460876465	0.06606513261795044	0.8020675182342529	1.0	10	0.0	0	0.0	0	0.903018057346344	-0.16013000905513763	-0.3986438810825348	0.3741597831249237	0.7491233944892883	0.546643078327179	0.21109947562217712	-0.6427849531173706	0.7363861203193665
0.2835877537727356	1.8186137676239014	-1.3048615455627441	0.11060863733291626	0.8937690258026123	1.0	10	0.0	0	0.0	0	0.9256536364555359	0.24641627073287964	-0.2871313691139221	-0.0483783483505249	0.8297095894813538	0.5560950636863708	0.37526649236679077	-0.5008604526519775	0.7799448370933533
0.2071099430322647	1.8106658458709717	-1.5582314729690552	0.07549357414245605	0.8439366817474365	1.0	10	0.0	0	0.0	0	0.9256536364555359	0.24641627073287964	-0.2871313691139221	-0.04837838187813759	0.829709529876709	0.5560950040817261	0.375266432762146	-0.5008603930473328	0.7799447774887085
0.18996435403823853	1.872589111328125	-1.5603628158569336	0.08851832151412964	0.8351705074310303	1.0	10	0.0	0	0.0	0	0.9256536364555359	0.24641627073287964	-0.2871313691139221	-0.04837838187813759	0.829709529876709	0.5560950040817261	0.375266432762146	-0.5008603930473328	0.7799447774887085
0.3164795935153961	1.616960048675537	-1.4938408136367798	0.04150542616844177	0.8821170330047607	1.0	10	0.0	0	0.0	0	0.8202305436134338	0.30152586102485657	-0.4861111640930176	0.029363850131630898	0.8264813423156738	0.5621978044509888	0.571278989315033	-0.47540590167045593	0.6690512895584106
0.2071099430322647	1.8106658458709717	-1.5582314729690552	0.07549357414245605	0.8439366817474365	1.0	10	0.0	0	0.0	0	0.8202305436134338	0.30152586102485657	-0.4861111640930176	0.029363878071308136	0.8264814019203186	0.5621978640556335	0.5712789297103882	-0.4754059314727783	0.6690512299537659
0.33235716819763184	1.6943742036819458	-1.4190315008163452	0.06770315766334534	0.8864283561706543	1.0	10	0.0	0	0.0	0	0.8202305436134338	0.30152586102485657	-0.4861111640930176	0.029363838955760002	0.8264814019203186	0.5621978044509888	0.571278989315033	-0.47540590167045593	0.6690512895584106
0.169725239276886	1.8575242757797241	-1.3168916702270508	0.6056997776031494	0.12805533409118652	1.0	10	0.0	0	0.0	0	0.3559197187423706	0.9304432272911072	0.08715807646512985	-0.9337114691734314	0.35793352127075195	-0.008152061142027378	-0.03878183290362358	-0.07847902178764343	0.9961612224578857
0.18996435403823853	1.872589111328125	-1.5603628158569336	0.6023980379104614	0.06656670570373535	1.0	10	0.0	0	0.0	0	0.3559197187423706	0.9304432272911072	0.08715807646512985	-0.9337114691734314	0.35793352127075195	-0.008152061142027378	-0.03878183290362358	-0.07847902178764343	0.9961612224578857
0.12031289935112	1.9005036354064941	-1.5739307403564453	0.6211286783218384	0.06329607963562012	1.0	10	0.0	0	0.0	0	0.3559197187423706	0.9304432272911072	0.08715807646512985	-0.9337115287780762	0.35793355107307434	-0.008152064867317677	-0.03878182917833328	-0.07847901433706284	0.9961611032485962
0.4070739150047302	1.8303581476211548	0.8663772940635681	0.18287137150764465	0.4562734365463257	1.0	3	0.0	0	0.0	0	0.8602847456932068	0.31315943598747253	0.40229520201683044	0.05795565992593765	0.7239134311676025	-0.6874521374702454	-0.506509006023407	0.6147198677062988	0.6046222448348999
0.22251760959625244	2.106430768966675	1.0461363792419434	0.19905269145965576	0.5415881872177124	1.0	3	0.0	0	0.0	0	0.8602847456932068	0.31315943598747253	0.40229520201683044	0.05795566365122795	0.7239134311676025	-0.6874521970748901	-0.5065090656280518	0.6147198677062988	0.6046223044395447
0.33266395330429077	1.6709012985229492	1.1496249437332153	0.10358496010303497	0.4817219376564026	1.0	3	0.0	0	0.0	0	0.8602847456932068	0.31315943598747253	0.40229520201683044	0.05795564875006676	0.7239134311676025	-0.6874521970748901	-0.5065090656280518	0.6147198677062988	0.6046222448348999
0.33266395330429077	1.6709012985229492	1.1496249437332153	0.880600094795227	0.473419189453125	1.0	3	0.0	0	0.0	0	0.3321281671524048	0.29258716106414795	0.8967071771621704	-0.9273486137390137	-0.07245176285505295	0.36711767315864563	0.1723819077014923	-0.9534901976585388	0.2472669929265976
0.11125880479812622	2.088606357574463	1.095337152481079	0.9202579259872437	0.3622426986694336	1.0	3	0.0	0	0.0	0	0.3321281671524048	0.29258716106414795	0.8967071771621704	-0.9273486137390137	-0.07245176285505295	0.36711767315864563	0.1723819077014923	-0.9534901976585388	0.2472669929265976
0.17180269956588745	1.645288348197937	1.2175630331039429	0.9044094085693359	0.47675323486328125	1.0	3	0.0	0	0.0	0	0.3321281671524048	0.29258716106414795	0.8967071771621704	-0.9273485541343689	-0.07245177030563354	0.36711764335632324	0.1723819226026535	-0.9534902572631836	0.24726702272891998
0.4492850601673126	1.289046287536621	1.1300512552261353	0.03928595781326294	0.4087855815887451	0.5	3	0.5	1	0.0	0	0.4173738360404968	0.1033131405711174	0.9028429985046387	0.7417858839035034	0.5351719260215759	-0.40415921807289124	-0.5249311923980713	0.8384016752243042	0.14673051238059998
0.17180269956588745	1.645288348197937	1.2175630331039429	0.08447623252868652	0.49386119842529297	1.0	3	0.0	0	0.0	0	0.4173738360404968	0.1033131405711174	0.9028429985046387	0.7417858839035034	0.5351719260215759	-0.40415921807289124	-0.5249311923980713	0.8384016752243042	0.14673051238059998
0.26083019375801086	1.2004987001419067	1.2273043394088745	0.003170892596244812	0.41603517532348633	0.5	3	0.5	1	0.0	0	0.4173738360404968	0.1033131405711174	0.9028429985046387	0.7417858839035034	0.5351719260215759	-0.40415921807289124	-0.5249311923980713	0.8384016752243042	0.14673051238059998
0.6394426226615906	1.57936429977417	0.7917014956474304	0.15389998257160187	0.3929923176765442	0.5	3	0.5	1	0.0	0	0.7684882879257202	0.2036072313785553	0.6066051721572876	0.31278541684150696	0.7074973583221436	-0.6337293386459351	-0.558203399181366	0.6767507791519165	0.4800180196762085
0.33266395330429077	1.6709012985229492	1.1496249437332153	0.10358496010303497	0.4817219376564026	1.0	3	0.0	0	0.0	0	0.7684882879257202	0.2036072313785553	0.6066051721572876	0.31278541684150696	0.7074972987174988	-0.6337293386459351	-0.558203399181366	0.6767508387565613	0.4800180196762085
0.4492850601673126	1.289046287536621	1.1300512552261353	0.03928595781326294	0.4087855815887451	0.5	3	0.5	1	0.0	0	0.7684882879257202	0.2036072313785553	0.6066051721572876	0.31278541684150696	0.7074973583221436	-0.6337293386459351	-0.558203399181366	0.6767507791519165	0.4800180196762085
0.23675315082073212	2.33758544921875	0.817842423915863	0.2809070944786072	0.5401179790496826	1.0	3	0.0	0	0.0	0	0.8904445767402649	0.22819818556308746	0.393743634223938	0.11482585221529007	0.7245455980300903	-0.6795945763587952	-0.4403674602508545	0.650353193283081	0.6189646124839783
0.14326995611190796	2.5231447219848633	0.9217103123664856	0.29522597789764404	0.5935800075531006	1.0	3	0.0	0	0.0	0	0.8904445767402649	0.22819818556308746	0.393743634223938	0.11482585221529007	0.7245455980300903	-0.6795945763587952	-0.4403674602508545	0.650353193283081	0.6189646124839783
0.1757364422082901	2.2979607582092285	0.97879558801651	0.2448372095823288	0.5639306306838989	1.0	3	0.0	0	0.0	0	0.8904445767402649	0.22819818556308746	0.393743634223938	0.11482585221529007	0.7245455980300903	-0.6795945763587952	-0.4403674602508545	0.6503532528877258	0.618964672088623
0.1757364422082901	2.2979607582092285	0.97879558801651	0.2448372095823288	0.5639306306838989	1.0	3	0.0	0	0.0	0	0.3615346848964691	0.22942480444908142	0.9036906957626343	0.7146309018135071	0.5543363094329834	-0.4266308844089508	-0.5988283157348633	0.8000472784042358	0.03645775094628334
0.07163497805595398	2.5206847190856934	0.963898777961731	0.2862849831581116	0.6026923656463623	1.0	3	0.0	0	0.0	0	0.3615346848964691	0.22942480444908142	0.9036906957626343	0.7146309018135071	0.5543363094329834	-0.4266308546066284	-0.5988283157348633	0.8000472187995911	0.036457762122154236
0.08786822110414505	2.2894697189331055	1.0161042213439941	0.23536796867847443	0.5715517997741699	1.0	3	0.0	0	0.0	0	0.3615346848964691	0.22942480444908142	0.9036906957626343	0.7146309614181519	0.5543363094329834	-0.4266308844089508	-0.5988282561302185	0.8000472187995911	0.03645773231983185
0.0	2.0983824729919434	0.618219792842865	0.540040135383606	0.7173800468444824	1.0	3	0.0	0	0.0	0	0.16962438821792603	0.367623507976532	-0.9143744707107544	-0.9790027737617493	-0.04357908293604851	-0.1991344541311264	-0.11305409669876099	0.9289531111717224	0.35251230001449585
0.10044388473033905	2.2458078861236572	0.6961252689361572	0.5058690309524536	0.7506695985794067	1.0	3	0.0	0	0.0	0	0.16962438821792603	0.367623507976532	-0.9143744707107544	-0.9790027141571045	-0.0435790941119194	-0.1991344392299652	-0.11305411159992218	0.9289531707763672	0.35251232981681824
0.1752094328403473	2.0514450073242188	0.6318514943122864	0.4998936653137207	0.7046335935592651	1.0	3	0.0	0	0.0	0	0.16962438821792603	0.367623507976532	-0.9143744707107544	-0.9790027737617493	-0.043579086661338806	-0.1991344392299652	-0.11305408924818039	0.9289531111717224	0.35251232981681824
0.33449241518974304	1.976311206817627	0.6984156966209412	0.23730526864528656	0.4532387852668762	1.0	3	0.0	0	0.0	0	0.9361264109611511	0.3319565951824188	-0.11607040464878082	-0.3182404339313507	0.6592361927032471	-0.6812713742256165	-0.1496347039937973	0.6746943593025208	0.7227703332901001
0.2828388810157776	2.1757636070251465	0.8522473573684692	0.24622176587581635	0.5170055627822876	1.0	3	0.0	0	0.0	0	0.9361264109611511	0.3319565951824188	-0.11607040464878082	-0.3182404339313507	0.6592361927032471	-0.6812714338302612	-0.1496347337961197	0.6746944189071655	0.7227702736854553
0.4070739150047302	1.8303581476211548	0.8663772940635681	0.18287137150764465	0.4562734365463257	1.0	3	0.0	0	0.0	0	0.9361264109611511	0.3319565951824188	-0.11607040464878082	-0.3182404339313507	0.6592361927032471	-0.6812714338302612	-0.1496347337961197	0.6746944189071655	0.7227702736854553
0.14326995611190796	2.5231447219848633	0.9217103123664856	0.29522597789764404	0.5935800075531006	1.0	3	0.0	0	0.0	0	0.49524936079978943	0.17430581152439117	0.8510849475860596	0.6273999214172363	0.6058719158172607	-0.4891713559627533	-0.6009138226509094	0.7762323617935181	0.19069820642471313
0.06960110366344452	2.663001298904419	0.9359352588653564	0.3170376420021057	0.6223985552787781	0.5	4	0.5	3	0.0	0	0.49524936079978943	0.17430581152439117	0.8510849475860596	0.6273998618125916	0.6058719158172607	-0.4891713261604309	-0.6009138822555542	0.7762323617935181	0.19069823622703552
